Map from character to field name
A:	China
B:	France
C:	Germany
D:	India
E:	Italy
F:	Kenya
G:	Mongolia
H:	Poland
I:	Russia
J:	Serbia
K:	South Africa
L:	South Korea
M:	Tanzania
N:	Timor-Leste
O:	Uganda
P:	Viet Nam
Q:	?


Substitution rate (mu): 113.919413

Equilibrium frequencies (pi_i):
  A: 0.0631
  B: 0.0612
  C: 0.0636
  D: 0.0607
  E: 0.064
  F: 0.0633
  G: 0.0604
  H: 0.0671
  I: 0.0658
  J: 0.0614
  K: 0.0658
  L: 0.0609
  M: 0.0616
  N: 0.0604
  O: 0.0604
  P: 0.0603

Symmetrized rates from j->i (W_ij):
	A	B	C	D	E	F	G	H	I	J	K	L	M	N	O	P
  A	0	0.9689	0.9945	1.467	1.0562	1.0099	1.4894	1.0026	1.2079	1.4038	1.354	1.4848	1.0112	1.4843	0.9692	1.4627
  B	0.9689	0	0.9661	0.9668	1.3335	0.9739	0.967	0.967	1.0906	0.9695	0.9759	0.9667	0.9745	0.9669	0.9669	0.9669
  C	0.9945	0.9661	0	0.9658	1.0633	0.9741	0.9661	2.0395	1.2035	0.9953	0.9912	0.9658	0.9748	0.966	0.966	0.966
  D	1.467	0.9668	0.9658	0	0.9673	0.974	0.9669	0.9667	0.9678	0.9692	0.9758	0.9666	0.9746	0.9668	0.9668	0.9668
  E	1.0562	1.3335	1.0633	0.9673	0	0.9799	0.9675	1.0794	2.6502	1.0572	1.0395	0.9672	0.9806	0.9675	0.9675	0.9674
  F	1.0099	0.9739	0.9741	0.974	0.9799	0	0.9742	0.9762	0.9911	1.0128	1.112	0.974	1.8496	0.9742	1.4674	0.9742
  G	1.4894	0.967	0.9661	0.9669	0.9675	0.9742	0	0.9669	0.968	0.9694	0.976	0.9773	0.9748	0.9773	0.967	0.9671
  H	1.0026	0.967	2.0395	0.9667	1.0794	0.9762	0.9669	0	1.7757	1.0034	0.9981	0.9666	0.9769	0.9669	0.9669	0.9669
  I	1.2079	1.0906	1.2035	0.9678	2.6502	0.9911	0.968	1.7757	0	1.21	1.1634	0.9677	0.992	0.968	0.9681	0.9679
  J	1.4038	0.9695	0.9953	0.9692	1.0572	1.0128	0.9694	1.0034	1.21	0	1.3592	0.9692	1.0141	0.9693	0.9697	0.9693
  K	1.354	0.9759	0.9912	0.9758	1.0395	1.112	0.976	0.9981	1.1634	1.3592	0	0.9758	1.1152	0.9759	0.9772	0.9759
  L	1.4848	0.9667	0.9658	0.9666	0.9672	0.974	0.9773	0.9666	0.9677	0.9692	0.9758	0	0.9746	0.972	0.9668	0.9668
  M	1.0112	0.9745	0.9748	0.9746	0.9806	1.8496	0.9748	0.9769	0.992	1.0141	1.1152	0.9746	0	0.9748	0.9745	0.9748
  N	1.4843	0.9669	0.966	0.9668	0.9675	0.9742	0.9773	0.9669	0.968	0.9693	0.9759	0.972	0.9748	0	0.967	0.967
  O	0.9692	0.9669	0.966	0.9668	0.9675	1.4674	0.967	0.9669	0.9681	0.9697	0.9772	0.9668	0.9745	0.967	0	0.967
  P	1.4627	0.9669	0.966	0.9668	0.9674	0.9742	0.9671	0.9669	0.9679	0.9693	0.9759	0.9668	0.9748	0.967	0.967	0

Actual rates from j->i (Q_ij):
	A	B	C	D	E	F	G	H	I	J	K	L	M	N	O	P
  A	0	0.0611	0.0627	0.0925	0.0666	0.0637	0.0939	0.0632	0.0762	0.0885	0.0854	0.0936	0.0638	0.0936	0.0611	0.0923
  B	0.0593	0	0.0592	0.0592	0.0817	0.0596	0.0592	0.0592	0.0668	0.0594	0.0598	0.0592	0.0597	0.0592	0.0592	0.0592
  C	0.0633	0.0614	0	0.0614	0.0676	0.062	0.0614	0.1297	0.0766	0.0633	0.063	0.0614	0.062	0.0614	0.0614	0.0614
  D	0.089	0.0587	0.0586	0	0.0587	0.0591	0.0587	0.0587	0.0587	0.0588	0.0592	0.0587	0.0591	0.0587	0.0587	0.0587
  E	0.0676	0.0854	0.0681	0.0619	0	0.0627	0.0619	0.0691	0.1697	0.0677	0.0665	0.0619	0.0628	0.0619	0.0619	0.0619
  F	0.0639	0.0616	0.0616	0.0616	0.062	0	0.0616	0.0618	0.0627	0.0641	0.0704	0.0616	0.117	0.0616	0.0928	0.0616
  G	0.09	0.0584	0.0584	0.0584	0.0585	0.0589	0	0.0584	0.0585	0.0586	0.059	0.0591	0.0589	0.0591	0.0584	0.0584
  H	0.0673	0.0649	0.1368	0.0649	0.0724	0.0655	0.0649	0	0.1191	0.0673	0.067	0.0649	0.0655	0.0649	0.0649	0.0649
  I	0.0794	0.0717	0.0792	0.0637	0.1743	0.0652	0.0637	0.1168	0	0.0796	0.0765	0.0637	0.0653	0.0637	0.0637	0.0637
  J	0.0861	0.0595	0.0611	0.0595	0.0649	0.0621	0.0595	0.0616	0.0742	0	0.0834	0.0595	0.0622	0.0595	0.0595	0.0595
  K	0.0891	0.0642	0.0652	0.0642	0.0684	0.0731	0.0642	0.0657	0.0765	0.0894	0	0.0642	0.0734	0.0642	0.0643	0.0642
  L	0.0905	0.0589	0.0588	0.0589	0.0589	0.0593	0.0595	0.0589	0.059	0.059	0.0594	0	0.0594	0.0592	0.0589	0.0589
  M	0.0623	0.06	0.0601	0.0601	0.0604	0.114	0.0601	0.0602	0.0611	0.0625	0.0687	0.0601	0	0.0601	0.06	0.0601
  N	0.0897	0.0584	0.0584	0.0584	0.0584	0.0588	0.059	0.0584	0.0585	0.0586	0.0589	0.0587	0.0589	0	0.0584	0.0584
  O	0.0586	0.0584	0.0584	0.0584	0.0585	0.0887	0.0584	0.0584	0.0585	0.0586	0.059	0.0584	0.0589	0.0584	0	0.0584
  P	0.0882	0.0583	0.0583	0.0583	0.0584	0.0588	0.0583	0.0583	0.0584	0.0585	0.0589	0.0583	0.0588	0.0583	0.0583	0
