{
  "generated_by": {
    "program": "augur",
    "version": "24.2.3"
  },
  "models": {
    "country": {
      "alphabet": [
        "China",
        "France",
        "Germany",
        "Ghana",
        "India",
        "Italy",
        "Kenya",
        "Lithuania",
        "Malawi",
        "Mongolia",
        "Poland",
        "Russia",
        "Serbia",
        "South Africa",
        "South Korea",
        "Tanzania",
        "Timor-Leste",
        "Uganda",
        "Viet Nam",
        "Zimbabwe",
        "?"
      ],
      "equilibrium_probabilities": [
        0.04843640109221336,
        0.05370793081722003,
        0.05060219910080346,
        0.04899946536388978,
        0.04947603536307034,
        0.04985550877996627,
        0.05040581684872404,
        0.04872075553651048,
        0.049595234514771915,
        0.049745048187197737,
        0.050894503157372414,
        0.054779229135913446,
        0.05121367889156357,
        0.04883609213601789,
        0.050947954953156196,
        0.04856909387269237,
        0.047694426632875694,
        0.048020819603011335,
        0.0502634908797608,
        0.04923631513326893
      ],
      "rate": 153.7968403344722,
      "transition_matrix": [
        [
          0.0,
          1.0647429500813392,
          0.9476907882359494,
          0.9525087050534029,
          1.908043253792683,
          1.0138297390098747,
          0.9582283636405775,
          0.9631559040035464,
          0.9586203683403295,
          1.552950678321852,
          1.3670009470168145,
          2.940896365495488,
          1.1457217682566732,
          0.9642503204656262,
          1.5650822254699404,
          0.9567393426275739,
          1.4419673602629532,
          0.9479325591888711,
          1.5664567032256058,
          0.9620157183965302
        ],
        [
          1.0647429500813392,
          0.0,
          0.9558508174150251,
          1.2216635641511318,
          0.9570736875806808,
          0.9675529907594397,
          1.0356174172954804,
          1.0804733962254325,
          1.376257153151015,
          0.9571475118785988,
          1.5346362224764023,
          1.2104519212687808,
          0.9953371710466464,
          1.1159123366322927,
          0.9572610839540999,
          1.0225955553021506,
          0.9561621098556268,
          0.956879428209037,
          0.9573278340530424,
          1.197994927936774
        ],
        [
          0.9476907882359494,
          0.9558508174150251,
          0.0,
          0.9492839463465139,
          0.9462644883062802,
          0.9483461750941281,
          0.9564363664992585,
          0.9465189869262134,
          0.9511232668516868,
          0.9462340995972762,
          1.4397758804387648,
          0.9470416269022022,
          0.9484027609188069,
          0.9475216648452159,
          0.946307606806608,
          0.9550139678227777,
          0.9460611274683964,
          0.9461555742226871,
          0.9464761872153465,
          0.9490484274140718
        ],
        [
          0.9525087050534029,
          1.2216635641511318,
          0.9492839463465139,
          0.0,
          0.9503076654855712,
          0.950321997427672,
          0.9827274734149264,
          0.957766153556251,
          1.4406596032876833,
          0.9503116260293791,
          0.9858373993772012,
          0.9557523352291959,
          0.9509321771714625,
          0.9957971712930385,
          0.950433342967819,
          0.977481157158952,
          0.9499450675931393,
          0.9503062523061429,
          0.9505526600522334,
          1.13226751248559
        ],
        [
          1.908043253792683,
          0.9570736875806808,
          0.9462644883062802,
          0.9503076654855712,
          0.0,
          0.9473490272547379,
          0.957438560034052,
          0.9476977233657441,
          0.9520631498772152,
          0.9879187346004995,
          0.9485319723078373,
          0.9973941648868925,
          0.9476029939777476,
          0.9485374719020777,
          1.0693871706485003,
          0.9559944840521498,
          0.9472210031477908,
          0.947262342999792,
          1.0704204978454335,
          0.9499776159697513
        ],
        [
          1.0138297390098747,
          0.9675529907594397,
          0.9483461750941281,
          0.950321997427672,
          0.9473490272547379,
          0.0,
          0.9572205034269461,
          0.9485632608518653,
          0.9524442611700097,
          0.947309245698209,
          1.4981093715464855,
          0.9831352598410253,
          1.904753931221594,
          0.9495514134582336,
          0.9473991468314604,
          0.9558003341001472,
          0.9470717622463082,
          0.9471419775255645,
          0.9475517396638419,
          0.9508009763618714
        ],
        [
          0.9582283636405775,
          1.0356174172954804,
          0.9564363664992585,
          0.9827274734149264,
          0.957438560034052,
          0.9572205034269461,
          0.0,
          0.9580267411851996,
          0.9933848158590738,
          0.9574448956576004,
          0.9616629899001778,
          0.9597293637663487,
          0.9579248247912415,
          0.9611456819764285,
          0.957696701517505,
          1.7975082700963918,
          0.9568169104289623,
          1.4406850487552219,
          0.9577456396754914,
          0.9713898353625082
        ],
        [
          0.9631559040035464,
          1.0804733962254325,
          0.9465189869262134,
          0.957766153556251,
          0.9476977233657441,
          0.9485632608518653,
          0.9580267411851996,
          0.0,
          0.9793788914523585,
          0.9477186003501625,
          1.57847440728998,
          0.9862074376801566,
          0.9516464420049348,
          1.0110468124499987,
          0.9477694279264931,
          0.9565081263736981,
          0.9473913469675525,
          0.9474552402650285,
          0.9479137283216706,
          1.0005003666337628
        ],
        [
          0.9586203683403295,
          1.376257153151015,
          0.9511232668516868,
          1.4406596032876833,
          0.9520631498772152,
          0.9524442611700097,
          0.9933848158590738,
          0.9793788914523585,
          0.0,
          0.9521150281323875,
          1.0442091542892353,
          0.9704819599215727,
          0.9539756521617416,
          1.0923403831571503,
          0.9522189754246874,
          0.9866222901603927,
          0.95159775751329,
          0.9520675054408457,
          0.9523223667574169,
          1.4300546729435255
        ],
        [
          1.552950678321852,
          0.9571475118785988,
          0.9462340995972762,
          0.9503116260293791,
          0.9879187346004995,
          0.947309245698209,
          0.9574448956576004,
          0.9477186003501625,
          0.9521150281323875,
          0.0,
          0.9483339461151998,
          1.4595507662222524,
          0.9475448121019658,
          0.9486029554876811,
          1.0882423171851145,
          0.9559994230392402,
          0.952076768797281,
          0.94723987555719,
          1.0886026595563034,
          0.9500586859267623
        ],
        [
          1.3670009470168145,
          1.5346362224764023,
          1.4397758804387648,
          0.9858373993772012,
          0.9485319723078373,
          1.4981093715464855,
          0.9616629899001778,
          1.57847440728998,
          1.0442091542892353,
          0.9483339461151998,
          0.0,
          1.9021606346917088,
          1.520866542613803,
          1.2245380763403535,
          0.9485159884615091,
          0.9595876408382634,
          0.9477534918411763,
          0.9477563472548927,
          0.9486642570698187,
          1.1251391229318477
        ],
        [
          2.940896365495488,
          1.2104519212687808,
          0.9470416269022022,
          0.9557523352291959,
          0.9973941648868925,
          0.9831352598410253,
          0.9597293637663487,
          0.9862074376801566,
          0.9704819599215727,
          1.4595507662222524,
          1.9021606346917088,
          0.0,
          1.0578059285604906,
          0.9918096634357826,
          1.1178365775157981,
          0.9579998804835592,
          0.9478001747646644,
          0.9477029757353833,
          1.118190739902074,
          0.9838309494136785
        ],
        [
          1.1457217682566732,
          0.9953371710466464,
          0.9484027609188069,
          0.9509321771714625,
          0.9476029939777476,
          1.904753931221594,
          0.9579248247912415,
          0.9516464420049348,
          0.9539756521617416,
          0.9475448121019658,
          1.520866542613803,
          1.0578059285604906,
          0.0,
          0.9526666279939305,
          0.9476439263252581,
          0.9564178522660693,
          0.9472571637976417,
          0.9473107486936024,
          0.9477987235349161,
          0.9532610431037501
        ],
        [
          0.9642503204656262,
          1.1159123366322927,
          0.9475216648452159,
          0.9957971712930385,
          0.9485374719020777,
          0.9495514134582336,
          0.9611456819764285,
          1.0110468124499987,
          1.0923403831571503,
          0.9486029554876811,
          1.2245380763403535,
          0.9918096634357826,
          0.9526666279939305,
          0.0,
          0.9486294264801286,
          0.959216380875088,
          0.9481715960150056,
          0.9482442074619734,
          0.9487644687864457,
          1.2101650872237988
        ],
        [
          1.5650822254699404,
          0.9572610839540999,
          0.946307606806608,
          0.950433342967819,
          1.0693871706485003,
          0.9473991468314604,
          0.957696701517505,
          0.9477694279264931,
          0.9522189754246874,
          1.0882423171851145,
          0.9485159884615091,
          1.1178365775157981,
          0.9476439263252581,
          0.9486294264801286,
          0.0,
          0.9562304554344518,
          0.9473242012206133,
          0.9473351054454533,
          1.7713802110432866,
          0.9501002891189118
        ],
        [
          0.9567393426275739,
          1.0225955553021506,
          0.9550139678227777,
          0.977481157158952,
          0.9559944840521498,
          0.9558003341001472,
          1.7975082700963918,
          0.9565081263736981,
          0.9866222901603927,
          0.9559994230392402,
          0.9595876408382634,
          0.9579998804835592,
          0.9564178522660693,
          0.959216380875088,
          0.9562304554344518,
          0.0,
          0.955432952758793,
          0.9557731290795521,
          0.9562868998626383,
          0.9679678803179317
        ],
        [
          1.4419673602629532,
          0.9561621098556268,
          0.9460611274683964,
          0.9499450675931393,
          0.9472210031477908,
          0.9470717622463082,
          0.9568169104289623,
          0.9473913469675525,
          0.95159775751329,
          0.952076768797281,
          0.9477534918411763,
          0.9478001747646644,
          0.9472571637976417,
          0.9481715960150056,
          0.9473242012206133,
          0.955432952758793,
          0.0,
          0.9470314614969617,
          0.947470099785855,
          0.9495586061830689
        ],
        [
          0.9479325591888711,
          0.956879428209037,
          0.9461555742226871,
          0.9503062523061429,
          0.947262342999792,
          0.9471419775255645,
          1.4406850487552219,
          0.9474552402650285,
          0.9520675054408457,
          0.94723987555719,
          0.9477563472548927,
          0.9477029757353833,
          0.9473107486936024,
          0.9482442074619734,
          0.9473351054454533,
          0.9557731290795521,
          0.9470314614969617,
          0.0,
          0.9474813127253057,
          0.9497504376319353
        ],
        [
          1.5664567032256058,
          0.9573278340530424,
          0.9464761872153465,
          0.9505526600522334,
          1.0704204978454335,
          0.9475517396638419,
          0.9577456396754914,
          0.9479137283216706,
          0.9523223667574169,
          1.0886026595563034,
          0.9486642570698187,
          1.118190739902074,
          0.9477987235349161,
          0.9487644687864457,
          1.7713802110432866,
          0.9562868998626383,
          0.947470099785855,
          0.9474813127253057,
          0.0,
          0.9502216370119065
        ],
        [
          0.9620157183965302,
          1.197994927936774,
          0.9490484274140718,
          1.13226751248559,
          0.9499776159697513,
          0.9508009763618714,
          0.9713898353625082,
          1.0005003666337628,
          1.4300546729435255,
          0.9500586859267623,
          1.1251391229318477,
          0.9838309494136785,
          0.9532610431037501,
          1.2101650872237988,
          0.9501002891189118,
          0.9679678803179317,
          0.9495586061830689,
          0.9497504376319353,
          0.9502216370119065,
          0.0
        ]
      ]
    }
  },
  "nodes": {
    "2020ASP01832": {
      "country": "Germany",
      "country_confidence": {
        "Germany": 0.9999999999999999
      },
      "country_entropy": -9.99866855976916e-13,
      "region": null
    },
    "2020ASP02103": {
      "country": "Germany",
      "country_confidence": {
        "Germany": 1.0
      },
      "country_entropy": -1.000088900581841e-12,
      "region": null
    },
    "2020ASP02805": {
      "country": "Germany",
      "country_confidence": {
        "Germany": 1.0
      },
      "country_entropy": -1.000088900581841e-12,
      "region": null
    },
    "2020ASP02894": {
      "country": "Germany",
      "country_confidence": {
        "Germany": 1.0
      },
      "country_entropy": -1.000088900581841e-12,
      "region": null
    },
    "2021ASP00484": {
      "country": "Germany",
      "country_confidence": {
        "Germany": 1.0
      },
      "country_entropy": -1.000088900581841e-12,
      "region": null
    },
    "2021ASP00703": {
      "country": "Germany",
      "country_confidence": {
        "Germany": 1.0
      },
      "country_entropy": -1.000088900581841e-12,
      "region": null
    },
    "2021ASP00902": {
      "country": "Germany",
      "country_confidence": {
        "Germany": 1.0
      },
      "country_entropy": -1.000088900581841e-12,
      "region": null
    },
    "2021ASP00921": {
      "country": "Germany",
      "country_confidence": {
        "Germany": 1.0
      },
      "country_entropy": -1.000088900581841e-12,
      "region": null
    },
    "2021ASP01917": {
      "country": "Germany",
      "country_confidence": {
        "Germany": 1.0
      },
      "country_entropy": -1.000088900581841e-12,
      "region": null
    },
    "2021ASP01919": {
      "country": "Germany",
      "country_confidence": {
        "Germany": 1.0
      },
      "country_entropy": -1.000088900581841e-12,
      "region": null
    },
    "2021ASP01957": {
      "country": "Germany",
      "country_confidence": {
        "Germany": 1.0
      },
      "country_entropy": -1.000088900581841e-12,
      "region": null
    },
    "2021ASP02148": {
      "country": "Germany",
      "country_confidence": {
        "Germany": 1.0
      },
      "country_entropy": -1.000088900581841e-12,
      "region": null
    },
    "2021ASP02207": {
      "country": "Germany",
      "country_confidence": {
        "Germany": 1.0
      },
      "country_entropy": -1.000088900581841e-12,
      "region": null
    },
    "2021ASP02665": {
      "country": "Germany",
      "country_confidence": {
        "Germany": 0.9999999999999999
      },
      "country_entropy": -9.99866855976916e-13,
      "region": null
    },
    "2021ASP03144": {
      "country": "Germany",
      "country_confidence": {
        "Germany": 0.9999999999999999
      },
      "country_entropy": -9.99866855976916e-13,
      "region": null
    },
    "2021ASP03251": {
      "country": "Germany",
      "country_confidence": {
        "Germany": 1.0
      },
      "country_entropy": -1.000088900581841e-12,
      "region": null
    },
    "2021ASP03380": {
      "country": "Germany",
      "country_confidence": {
        "Germany": 1.0
      },
      "country_entropy": -1.000088900581841e-12,
      "region": null
    },
    "2021ASP03384": {
      "country": "Germany",
      "country_confidence": {
        "Germany": 1.0
      },
      "country_entropy": -1.000088900581841e-12,
      "region": null
    },
    "2021ASP03643": {
      "country": "Germany",
      "country_confidence": {
        "Germany": 1.0
      },
      "country_entropy": -1.000088900581841e-12,
      "region": null
    },
    "2021ASP03658": {
      "country": "Germany",
      "country_confidence": {
        "Germany": 1.0
      },
      "country_entropy": -1.000088900581841e-12,
      "region": null
    },
    "2021ASP03711": {
      "country": "Germany",
      "country_confidence": {
        "Germany": 1.0
      },
      "country_entropy": -1.000088900581841e-12,
      "region": null
    },
    "2021ASP03740": {
      "country": "Germany",
      "country_confidence": {
        "Germany": 1.0
      },
      "country_entropy": -1.000088900581841e-12,
      "region": null
    },
    "20355/RM/2022_Italy": {
      "country": "Italy",
      "country_confidence": {
        "Italy": 1.0
      },
      "country_entropy": -1.000088900581841e-12,
      "region": null
    },
    "47169.16_1499/GE/2022_Ita": {
      "country": "Italy",
      "country_confidence": {
        "Italy": 1.0
      },
      "country_entropy": -1.000088900581841e-12,
      "region": null
    },
    "7540/22": {
      "country": "Serbia",
      "country_confidence": {
        "Serbia": 1.0
      },
      "country_entropy": -1.000088900581841e-12,
      "region": null
    },
    "ABTCVSCK_ASF001": {
      "country": "India",
      "country_confidence": {
        "India": 1.0
      },
      "country_entropy": -1.000088900581841e-12,
      "region": null
    },
    "ABTCVSCK_ASF007": {
      "country": "India",
      "country_confidence": {
        "India": 1.0
      },
      "country_entropy": -1.000088900581841e-12,
      "region": null
    },
    "ASFV-SY18": {
      "country": "China",
      "country_confidence": {
        "China": 1.0
      },
      "country_entropy": -1.000088900581841e-12,
      "region": null
    },
    "ASFV-wbBS01": {
      "country": "China",
      "country_confidence": {
        "China": 1.0
      },
      "country_entropy": -1.000088900581841e-12,
      "region": null
    },
    "ASFV-wbShX01": {
      "country": "China",
      "country_confidence": {
        "China": 1.0
      },
      "country_entropy": -1.000088900581841e-12,
      "region": null
    },
    "ASFV/ARRIAH/CV-1/30": {
      "country": "Russia",
      "country_confidence": {
        "Russia": 1.0
      },
      "country_entropy": -1.000088900581841e-12,
      "region": null
    },
    "ASFV/Kaliningrad_17/WB-13869": {
      "country": "Russia",
      "country_confidence": {
        "Russia": 1.0
      },
      "country_entropy": -1.000088900581841e-12,
      "region": null
    },
    "ASFV/Kaliningrad_18/WB-12516": {
      "country": "Russia",
      "country_confidence": {
        "Russia": 1.0
      },
      "country_entropy": -1.000088900581841e-12,
      "region": null
    },
    "ASFV/Kaliningrad_18/WB-12523": {
      "country": "Russia",
      "country_confidence": {
        "Russia": 1.0
      },
      "country_entropy": -1.000088900581841e-12,
      "region": null
    },
    "ASFV/Kaliningrad_18/WB-12524": {
      "country": "Russia",
      "country_confidence": {
        "Russia": 1.0
      },
      "country_entropy": -1.000088900581841e-12,
      "region": null
    },
    "ASFV/Kaliningrad_18/WB-9734": {
      "country": "Russia",
      "country_confidence": {
        "Russia": 0.9999999999999999
      },
      "country_entropy": -9.99866855976916e-13,
      "region": null
    },
    "ASFV/Kaliningrad_18/WB-9735": {
      "country": "Russia",
      "country_confidence": {
        "Russia": 1.0
      },
      "country_entropy": -1.000088900581841e-12,
      "region": null
    },
    "ASFV/Kaliningrad_18/WB-9763": {
      "country": "Russia",
      "country_confidence": {
        "Russia": 1.0
      },
      "country_entropy": -1.000088900581841e-12,
      "region": null
    },
    "ASFV/Kaliningrad_18/WB-9766": {
      "country": "Russia",
      "country_confidence": {
        "Russia": 0.9999999999999999
      },
      "country_entropy": -9.99866855976916e-13,
      "region": null
    },
    "ASFV/Kaliningrad_19/WB-10168": {
      "country": "Russia",
      "country_confidence": {
        "Russia": 1.0
      },
      "country_entropy": -1.000088900581841e-12,
      "region": null
    },
    "ASFV/LT14/1490": {
      "country": "Lithuania",
      "country_confidence": {
        "Lithuania": 0.9999999999999999
      },
      "country_entropy": -9.99866855976916e-13,
      "region": null
    },
    "ASFV/POL/2015/Podlaskie": {
      "country": "Poland",
      "country_confidence": {
        "Poland": 1.0
      },
      "country_entropy": -1.000088900581841e-12,
      "region": null
    },
    "ASFV/Primorsky_19/DP-8235": {
      "country": "Russia",
      "country_confidence": {
        "Russia": 1.0
      },
      "country_entropy": -1.000088900581841e-12,
      "region": null
    },
    "ASFV/Timor-Leste/2019/1": {
      "country": "Timor-Leste",
      "country_confidence": {
        "Timor-Leste": 1.0
      },
      "country_entropy": -1.000088900581841e-12,
      "region": null
    },
    "ASFV/Zabaykali/WB-5314/2020": {
      "country": "Russia",
      "country_confidence": {
        "Russia": 0.9999999999999999
      },
      "country_entropy": -9.99866855976916e-13,
      "region": null
    },
    "ASFV/Zabaykali_20/DP-4905": {
      "country": "Russia",
      "country_confidence": {
        "Russia": 0.9999999999999999
      },
      "country_entropy": -9.99866855976916e-13,
      "region": null
    },
    "CN/2019/InnerMongolia-AES01": {
      "country": "China",
      "country_confidence": {
        "China": 1.0
      },
      "country_entropy": -1.000088900581841e-12,
      "region": null
    },
    "China/2018/AnhuiXCGQ": {
      "country": "China",
      "country_confidence": {
        "China": 1.0
      },
      "country_entropy": -1.000088900581841e-12,
      "region": null
    },
    "China/LN/2018/2": {
      "country": "China",
      "country_confidence": {
        "China": 0.9999999999999999
      },
      "country_entropy": -9.99866855976916e-13,
      "region": null
    },
    "DB/LN/2018": {
      "country": "China",
      "country_confidence": {
        "China": 0.9999999999999999
      },
      "country_entropy": -9.99866855976916e-13,
      "region": null
    },
    "DG_167_20_2": {
      "country": "Serbia",
      "country_confidence": {
        "Serbia": 0.9999999999999999
      },
      "country_entropy": -9.99866855976916e-13,
      "region": null
    },
    "DG_6314_19": {
      "country": "Serbia",
      "country_confidence": {
        "Serbia": 1.0
      },
      "country_entropy": -1.000088900581841e-12,
      "region": null
    },
    "DG_6511_21_": {
      "country": "Serbia",
      "country_confidence": {
        "Serbia": 1.0
      },
      "country_entropy": -1.000088900581841e-12,
      "region": null
    },
    "DG_6759_19": {
      "country": "Serbia",
      "country_confidence": {
        "Serbia": 1.0
      },
      "country_entropy": -1.000088900581841e-12,
      "region": null
    },
    "GZ201801": {
      "country": "China",
      "country_confidence": {
        "China": 1.0
      },
      "country_entropy": -1.000088900581841e-12,
      "region": null
    },
    "GZ201801_2": {
      "country": "China",
      "country_confidence": {
        "China": 0.9999999999999999
      },
      "country_entropy": -9.99866855976916e-13,
      "region": null
    },
    "Ghana2022_40": {
      "country": "Ghana",
      "country_confidence": {
        "Ghana": 1.0
      },
      "country_entropy": -1.000088900581841e-12,
      "region": null
    },
    "Ghana2022_62": {
      "country": "Ghana",
      "country_confidence": {
        "Ghana": 1.0
      },
      "country_entropy": -1.000088900581841e-12,
      "region": null
    },
    "HB03A": {
      "country": "China",
      "country_confidence": {
        "China": 1.0
      },
      "country_entropy": -1.000088900581841e-12,
      "region": null
    },
    "HB31A": {
      "country": "China",
      "country_confidence": {
        "China": 1.0
      },
      "country_entropy": -1.000088900581841e-12,
      "region": null
    },
    "IND/AR/SD-61/2020": {
      "country": "India",
      "country_confidence": {
        "India": 1.0
      },
      "country_entropy": -1.000088900581841e-12,
      "region": null
    },
    "IND/AS/SD-02/2020": {
      "country": "India",
      "country_confidence": {
        "India": 1.0
      },
      "country_entropy": -1.000088900581841e-12,
      "region": null
    },
    "KE/2012/Busia.564": {
      "country": "Kenya",
      "country_confidence": {
        "Kenya": 1.0
      },
      "country_entropy": -1.000088900581841e-12,
      "region": null
    },
    "KE/2013/Busia.3.WSL": {
      "country": "Kenya",
      "country_confidence": {
        "Kenya": 1.0
      },
      "country_entropy": -1.000088900581841e-12,
      "region": null
    },
    "KE/2013/Busia.3.field": {
      "country": "Kenya",
      "country_confidence": {
        "Kenya": 1.0
      },
      "country_entropy": -1.000088900581841e-12,
      "region": null
    },
    "KE/2013/Busia.8": {
      "country": "Kenya",
      "country_confidence": {
        "Kenya": 1.0
      },
      "country_entropy": -1.000088900581841e-12,
      "region": null
    },
    "KE/2013/Karen.1": {
      "country": "Kenya",
      "country_confidence": {
        "Kenya": 1.0
      },
      "country_entropy": -1.000088900581841e-12,
      "region": null
    },
    "KE/2013/Kiambu.2": {
      "country": "Kenya",
      "country_confidence": {
        "Kenya": 1.0
      },
      "country_entropy": -1.000088900581841e-12,
      "region": null
    },
    "KE/2013/Nakuru.1": {
      "country": "Kenya",
      "country_confidence": {
        "Kenya": 1.0
      },
      "country_entropy": -1.000088900581841e-12,
      "region": null
    },
    "KE/2013/Siaya.4": {
      "country": "Kenya",
      "country_confidence": {
        "Kenya": 1.0
      },
      "country_entropy": -1.000088900581841e-12,
      "region": null
    },
    "Korea/CW714/2020": {
      "country": "South Korea",
      "country_confidence": {
        "South Korea": 1.0
      },
      "country_entropy": -1.000088900581841e-12,
      "region": null
    },
    "Korea/PC1432/2021": {
      "country": "South Korea",
      "country_confidence": {
        "South Korea": 1.0
      },
      "country_entropy": -1.000088900581841e-12,
      "region": null
    },
    "Korea/YC1/2019": {
      "country": "South Korea",
      "country_confidence": {
        "South Korea": 1.0
      },
      "country_entropy": -1.000088900581841e-12,
      "region": null
    },
    "MAL/04/2011": {
      "country": "Malawi",
      "country_confidence": {
        "Malawi": 1.0
      },
      "country_entropy": -1.000088900581841e-12,
      "region": null
    },
    "Mon_Dom": {
      "country": "Mongolia",
      "country_confidence": {
        "Mongolia": 1.0
      },
      "country_entropy": -1.000088900581841e-12,
      "region": null
    },
    "Mon_WB": {
      "country": "Mongolia",
      "country_confidence": {
        "Mongolia": 0.9999999999999999
      },
      "country_entropy": -9.99866855976916e-13,
      "region": null
    },
    "NODE_0000000": {
      "country": "Russia",
      "country_confidence": {
        "France": 0.05400266537656484,
        "Poland": 0.05084419399143807,
        "Russia": 0.05468414785495229,
        "Serbia": 0.05109461773744758
      },
      "country_entropy": 2.995135726737082,
      "region": null
    },
    "NODE_0000001": {
      "country": "France",
      "country_confidence": {
        "France": 0.9926749928123392,
        "Poland": 0.0026147009117517207,
        "Russia": 0.0020614268136473404
      },
      "country_entropy": 0.05775098402905529,
      "region": null
    },
    "NODE_0000003": {
      "country": "Poland",
      "country_confidence": {
        "France": 0.17365369395116118,
        "Lithuania": 0.12783511108476064,
        "Poland": 0.3402259110956286,
        "South Africa": 0.10580740904509
      },
      "country_entropy": 2.001386575782817,
      "region": null
    },
    "NODE_0000004": {
      "country": "Poland",
      "country_confidence": {
        "France": 0.05037258464168333,
        "Lithuania": 0.2952084677590566,
        "Poland": 0.5449597438974347,
        "South Africa": 0.028285025170354836
      },
      "country_entropy": 1.3210877971704291,
      "region": null
    },
    "NODE_0000005": {
      "country": "South Africa",
      "country_confidence": {
        "Malawi": 0.09986617587282658,
        "Poland": 0.14374367135989258,
        "South Africa": 0.30743037856361405,
        "Zimbabwe": 0.22058434133548985
      },
      "country_entropy": 1.9930687453462563,
      "region": null
    },
    "NODE_0000006": {
      "country": "Zimbabwe",
      "country_confidence": {
        "Malawi": 0.22699462457293393,
        "Poland": 0.04591576663405585,
        "South Africa": 0.10162331227948182,
        "Zimbabwe": 0.49932538585286995
      },
      "country_entropy": 1.5836101950690982,
      "region": null
    },
    "NODE_0000007": {
      "country": "Malawi",
      "country_confidence": {
        "Ghana": 0.0933705669669762,
        "Malawi": 0.5842600467424088,
        "South Africa": 0.03958902363027297,
        "Zimbabwe": 0.2021449476068284
      },
      "country_entropy": 1.380498843437762,
      "region": null
    },
    "NODE_0000008": {
      "country": "Malawi",
      "country_confidence": {
        "Ghana": 0.26790278926557864,
        "Malawi": 0.42426392365186766,
        "South Africa": 0.032442044398729844,
        "Zimbabwe": 0.14845159726688498
      },
      "country_entropy": 1.7073541207552356,
      "region": null
    },
    "NODE_0000009": {
      "country": "Ghana",
      "country_confidence": {
        "Ghana": 0.9972438436175879,
        "Malawi": 0.0013465057040919885
      },
      "country_entropy": 0.024535037609197372,
      "region": null
    },
    "NODE_0000018": {
      "country": "France",
      "country_confidence": {
        "China": 0.05905062607606922,
        "France": 0.40899381505768834,
        "Poland": 0.19623930499228084,
        "Russia": 0.19222432075599974
      },
      "country_entropy": 1.7616471453392053,
      "region": null
    },
    "NODE_0000021": {
      "country": "France",
      "country_confidence": {
        "France": 0.1356539547278371,
        "Ghana": 0.07900630610673072,
        "Malawi": 0.10018555092351454,
        "Zimbabwe": 0.0618231012580571
      },
      "country_entropy": 2.8954345824665757,
      "region": null
    },
    "NODE_0000022": {
      "country": "Serbia",
      "country_confidence": {
        "China": 0.10248239405140043,
        "Italy": 0.11058193256500426,
        "Poland": 0.23345557247911644,
        "Serbia": 0.45821897788575394
      },
      "country_entropy": 1.5366992188782638,
      "region": null
    },
    "NODE_0000026": {
      "country": "Poland",
      "country_confidence": {
        "China": 0.028864270566240188,
        "Italy": 0.28606487365332417,
        "Poland": 0.40346730884789217,
        "Serbia": 0.23944824892322863
      },
      "country_entropy": 1.386205060515001,
      "region": null
    },
    "NODE_0000027": {
      "country": "Italy",
      "country_confidence": {
        "Italy": 0.8597600599193505,
        "Poland": 0.012740740457844495,
        "Serbia": 0.12478482791273696
      },
      "country_entropy": 0.46784030898162693,
      "region": null
    },
    "NODE_0000030": {
      "country": "Kenya",
      "country_confidence": {
        "France": 0.0028784096745508585,
        "Kenya": 0.5232722802714936,
        "Tanzania": 0.43266228084866065,
        "Uganda": 0.0033558417846602864
      },
      "country_entropy": 0.9660927948480438,
      "region": null
    },
    "NODE_0000031": {
      "country": "Kenya",
      "country_confidence": {
        "Kenya": 0.9926076509903201,
        "Tanzania": 0.006558832033996012
      },
      "country_entropy": 0.04855868584058001,
      "region": null
    },
    "NODE_0000032": {
      "country": "Kenya",
      "country_confidence": {
        "Kenya": 0.9998798092864201
      },
      "country_entropy": 0.0013289432148539005,
      "region": null
    },
    "NODE_0000033": {
      "country": "Kenya",
      "country_confidence": {
        "Kenya": 0.9994559608241428
      },
      "country_entropy": 0.005290042523935672,
      "region": null
    },
    "NODE_0000034": {
      "country": "Kenya",
      "country_confidence": {
        "Kenya": 0.9870014361396579,
        "Uganda": 0.012036169832390463
      },
      "country_entropy": 0.07544462915110388,
      "region": null
    },
    "NODE_0000035": {
      "country": "Kenya",
      "country_confidence": {
        "Kenya": 0.9999790692374075
      },
      "country_entropy": 0.00029650050461132614,
      "region": null
    },
    "NODE_0000036": {
      "country": "Kenya",
      "country_confidence": {
        "Kenya": 0.999985967788
      },
      "country_entropy": 0.0002091215563842564,
      "region": null
    },
    "NODE_0000037": {
      "country": "Kenya",
      "country_confidence": {
        "Kenya": 0.9999863682544938
      },
      "country_entropy": 0.0002036663884831329,
      "region": null
    },
    "NODE_0000038": {
      "country": "Kenya",
      "country_confidence": {
        "Kenya": 0.9999863682544938
      },
      "country_entropy": 0.0002036663884831329,
      "region": null
    },
    "NODE_0000039": {
      "country": "Russia",
      "country_confidence": {
        "China": 0.1693597449029896,
        "France": 0.0941542120597399,
        "Poland": 0.14090371862416676,
        "Russia": 0.5107963510756187
      },
      "country_entropy": 1.5297241557784922,
      "region": null
    },
    "NODE_0000040": {
      "country": "Germany",
      "country_confidence": {
        "Germany": 0.9881149968928667,
        "Poland": 0.01091315890847637
      },
      "country_entropy": 0.07062559545002954,
      "region": null
    },
    "NODE_0000041": {
      "country": "China",
      "country_confidence": {
        "China": 0.42974536251452744,
        "Poland": 0.14804279476331203,
        "Russia": 0.23097703612288084,
        "Serbia": 0.10501657933420085
      },
      "country_entropy": 1.5999496065169163,
      "region": null
    },
    "NODE_0000042": {
      "country": "Germany",
      "country_confidence": {
        "Germany": 0.9998476084032106
      },
      "country_entropy": 0.0016437263748416444,
      "region": null
    },
    "NODE_0000043": {
      "country": "Germany",
      "country_confidence": {
        "Germany": 0.9999875869622658
      },
      "country_entropy": 0.00018660856800895777,
      "region": null
    },
    "NODE_0000044": {
      "country": "Italy",
      "country_confidence": {
        "Italy": 0.8537691843175074,
        "Poland": 0.003632649670010935,
        "Serbia": 0.14115075315397024
      },
      "country_entropy": 0.44515327175971253,
      "region": null
    },
    "NODE_0000045": {
      "country": "Germany",
      "country_confidence": {
        "Germany": 0.9999893810042368
      },
      "country_entropy": 0.00016276652389621336,
      "region": null
    },
    "NODE_0000046": {
      "country": "Serbia",
      "country_confidence": {
        "Italy": 0.0018260303119125446,
        "Poland": 0.0029181847296303864,
        "Serbia": 0.9929666954153756
      },
      "country_entropy": 0.053728006836478825,
      "region": null
    },
    "NODE_0000047": {
      "country": "Serbia",
      "country_confidence": {
        "Serbia": 0.9998919980651844
      },
      "country_entropy": 0.001299915233030443,
      "region": null
    },
    "NODE_0000048": {
      "country": "Serbia",
      "country_confidence": {
        "Serbia": 0.9999834695032508
      },
      "country_entropy": 0.00024184959700611597,
      "region": null
    },
    "NODE_0000049": {
      "country": "Poland",
      "country_confidence": {
        "Germany": 0.0062806942445227795,
        "Italy": 0.008652349271759108,
        "Poland": 0.9741208294667822,
        "Serbia": 0.007351291579997711
      },
      "country_entropy": 0.1630050629303064,
      "region": null
    },
    "NODE_0000050": {
      "country": "Poland",
      "country_confidence": {
        "Germany": 0.02350590352500365,
        "Italy": 0.0026012463019263296,
        "Poland": 0.96903513674736,
        "Serbia": 0.002251138399389794
      },
      "country_entropy": 0.17004012111321148,
      "region": null
    },
    "NODE_0000051": {
      "country": "Germany",
      "country_confidence": {
        "Germany": 0.9999893812402971
      },
      "country_entropy": 0.00016276331192771262,
      "region": null
    },
    "NODE_0000052": {
      "country": "Germany",
      "country_confidence": {
        "Germany": 0.999989379987893
      },
      "country_entropy": 0.0001627809804889917,
      "region": null
    },
    "NODE_0000053": {
      "country": "Germany",
      "country_confidence": {
        "Germany": 0.9999893802490906
      },
      "country_entropy": 0.00016277741550765727,
      "region": null
    },
    "NODE_0000054": {
      "country": "Germany",
      "country_confidence": {
        "Germany": 0.9999893822367665
      },
      "country_entropy": 0.00016274913662866637,
      "region": null
    },
    "NODE_0000055": {
      "country": "Germany",
      "country_confidence": {
        "Germany": 0.9999894833126197
      },
      "country_entropy": 0.0001613052813341925,
      "region": null
    },
    "NODE_0000056": {
      "country": "Germany",
      "country_confidence": {
        "Germany": 0.9999892571974256
      },
      "country_entropy": 0.00016451922449699452,
      "region": null
    },
    "NODE_0000057": {
      "country": "Germany",
      "country_confidence": {
        "Germany": 0.9999893800076131
      },
      "country_entropy": 0.00016278070102536467,
      "region": null
    },
    "NODE_0000058": {
      "country": "Germany",
      "country_confidence": {
        "Germany": 0.9999893822240901
      },
      "country_entropy": 0.00016274931474160348,
      "region": null
    },
    "NODE_0000059": {
      "country": "Germany",
      "country_confidence": {
        "Germany": 0.9999894833124899
      },
      "country_entropy": 0.00016130528314891294,
      "region": null
    },
    "NODE_0000061": {
      "country": "Germany",
      "country_confidence": {
        "Germany": 0.9999893802266022
      },
      "country_entropy": 0.0001627777326735323,
      "region": null
    },
    "NODE_0000062": {
      "country": "Germany",
      "country_confidence": {
        "Germany": 0.9999892781793848
      },
      "country_entropy": 0.00016423440138682514,
      "region": null
    },
    "NODE_0000063": {
      "country": "Germany",
      "country_confidence": {
        "Germany": 0.999989381233111
      },
      "country_entropy": 0.00016276341522611034,
      "region": null
    },
    "NODE_0000064": {
      "country": "Germany",
      "country_confidence": {
        "Germany": 0.999989483302809
      },
      "country_entropy": 0.00016130542047148347,
