{
  "generated_by": {
    "program": "augur",
    "version": "24.2.3"
  },
  "models": {
    "country": {
      "alphabet": [
        "China",
        "France",
        "Germany",
        "India",
        "Italy",
        "Kenya",
        "Mongolia",
        "Poland",
        "Russia",
        "Serbia",
        "South Africa",
        "South Korea",
        "Tanzania",
        "Timor-Leste",
        "Uganda",
        "Viet Nam",
        "?"
      ],
      "equilibrium_probabilities": [
        0.06329783887653434,
        0.061953146243245834,
        0.06353231176945802,
        0.06067592328987413,
        0.061953146243245764,
        0.06343600385013586,
        0.06032730206231172,
        0.06654894418669402,
        0.06612633505158956,
        0.06128513292367789,
        0.06565774643373841,
        0.06201454420724449,
        0.06127859803795622,
        0.060326197098740035,
        0.06033060885260624,
        0.06125622087294756
      ],
      "rate": 98.03558668415701,
      "transition_matrix": [
        [
          0.0,
          0.9657848802649321,
          0.9645701181396119,
          1.4682806697509085,
          0.9657848802649325,
          0.9935189949711396,
          1.4654916697870157,
          1.0612101704694483,
          1.1862942935077236,
          1.5813138846533201,
          1.2269039041850445,
          1.3497731881040331,
          0.9890481391506573,
          1.4652286127688285,
          0.96580585742277,
          1.3501915801802489
        ],
        [
          0.9657848802649321,
          0.0,
          0.9638564261726705,
          0.9645580867884761,
          1.4925883075972595,
          0.9723390860927028,
          0.9647429955884009,
          1.0928994832615233,
          1.2600427861363326,
          0.9660106145938467,
          0.9746048543943491,
          0.9645576633623869,
          0.9713544562210946,
          0.9647325716557139,
          0.9647410214663171,
          0.9648256118523014
        ],
        [
          0.9645701181396119,
          0.9638564261726705,
          0.0,
          0.9632741640088823,
          0.9638564261726705,
          0.97122384875278,
          0.9634703747800201,
          1.4956943503576203,
          1.0856857814372631,
          0.9648447760472411,
          0.9736667192575852,
          0.9632473977985175,
          0.9702524328593657,
          0.9634597653578633,
          0.9634686780081338,
          0.9635368755391474
        ],
        [
          1.4682806697509085,
          0.9645580867884761,
          0.9632741640088823,
          0.0,
          0.9645580867884763,
          0.972052931372132,
          0.9645074140105712,
          0.9656534549723615,
          0.9670654863334481,
          0.965711025573661,
          0.9742652542159171,
          0.9658199351224981,
          0.9710724716071614,
          0.9644922593429851,
          0.9644955490213754,
          0.9660857425017525
        ],
        [
          0.9657848802649325,
          1.4925883075972595,
          0.9638564261726705,
          0.9645580867884763,
          0.0,
          0.9723390860927028,
          0.9647429955884009,
          1.09289948326151,
          1.260042786136371,
          0.9660106145938467,
          0.9746048543943491,
          0.9645576633623869,
          0.9713544562210947,
          0.9647325716557139,
          0.9647410214663171,
          0.9648256118523014
        ],
        [
          0.9935189949711396,
          0.9723390860927028,
          0.97122384875278,
          0.972052931372132,
          0.9723390860927028,
          0.0,
          0.9722135095151669,
          0.9899879734059398,
          1.0125244968033305,
          0.9950643967111408,
          1.1446214822414018,
          0.9720051222433193,
          1.8339471715456357,
          0.9722022950982093,
          1.4629430413297557,
          0.9722213164073215
        ],
        [
          1.4654916697870157,
          0.9647429955884009,
          0.9634703747800201,
          0.9645074140105712,
          0.9647429955884009,
          0.9722135095151669,
          0.0,
          0.965848357124665,
          0.967254673885048,
          0.965895273979951,
          0.9744232599325854,
          0.9645592432871845,
          0.9712296620367702,
          0.9686103196164103,
          0.9646756169485461,
          0.9648202477930806
        ],
        [
          1.0612101704694483,
          1.0928994832615233,
          1.4956943503576203,
          0.9656534549723615,
          1.09289948326151,
          0.9899879734059398,
          0.965848357124665,
          0.0,
          3.380961772277077,
          1.0622277406758944,
          1.1467421685954486,
          0.9656490691871445,
          0.9861577972348886,
          0.9658359535926175,
          0.9659381184448185,
          0.9659276225078615
        ],
        [
          1.1862942935077236,
          1.2600427861363326,
          1.0856857814372631,
          0.9670654863334481,
          1.260042786136371,
          1.0125244968033305,
          0.967254673885048,
          3.380961772277077,
          0.0,
          1.18865222953429,
          1.3971017079549193,
          0.9670540400143033,
          1.0050537007326468,
          0.9672407971392777,
          0.9675086101982348,
          0.9673196288688768
        ],
        [
          1.5813138846533201,
          0.9660106145938467,
          0.9648447760472411,
          0.965711025573661,
          0.9660106145938467,
          0.9950643967111408,
          0.965895273979951,
          1.0622277406758944,
          1.18865222953429,
          0.0,
          1.2313086486300884,
          0.9657313765736448,
          0.9903450005915955,
          0.9658783529216088,
          0.9660376756410932,
          0.965987815504852
        ],
        [
          1.2269039041850445,
          0.9746048543943491,
          0.9736667192575852,
          0.9742652542159171,
          0.9746048543943491,
          1.1446214822414018,
          0.9744232599325854,
          1.1467421685954486,
          1.3971017079549193,
          1.2313086486300884,
          0.0,
          0.9742683923062341,
          1.1155951273751306,
          0.9744087019518232,
          0.9758699255717266,
          0.9744718357898531
        ],
        [
          1.3497731881040331,
          0.9645576633623869,
          0.9632473977985175,
          0.9658199351224981,
          0.9645576633623869,
          0.9720051222433193,
          0.9645592432871845,
          0.9656490691871445,
          0.9670540400143033,
          0.9657313765736448,
          0.9742683923062341,
          0.0,
          0.9710426774801737,
          0.9645448239361656,
          0.9644970732642834,
          1.427979646000854
        ],
        [
          0.9890481391506573,
          0.9713544562210946,
          0.9702524328593657,
          0.9710724716071614,
          0.9713544562210947,
          1.8339471715456357,
          0.9712296620367702,
          0.9861577972348886,
          1.0050537007326468,
          0.9903450005915955,
          1.1155951273751306,
          0.9710426774801737,
          0.0,
          0.9712189221976062,
          0.9711546217624879,
          0.971255495689617
        ],
        [
          1.4652286127688285,
          0.9647325716557139,
          0.9634597653578633,
          0.9644922593429851,
          0.9647325716557139,
          0.9722022950982093,
          0.9686103196164103,
          0.9658359535926175,
          0.9672407971392777,
          0.9658783529216088,
          0.9744087019518232,
          0.9645448239361656,
          0.9712189221976062,
          0.0,
          0.9646654984213108,
          0.9648059931995088
        ],
        [
          0.96580585742277,
          0.9647410214663171,
          0.9634686780081338,
          0.9644955490213754,
          0.9647410214663171,
          1.4629430413297557,
          0.9646756169485461,
          0.9659381184448185,
          0.9675086101982348,
          0.9660376756410932,
          0.9758699255717266,
          0.9644970732642834,
          0.9711546217624879,
          0.9646654984213108,
          0.0,
          0.9647581833817198
        ],
        [
          1.3501915801802489,
          0.9648256118523014,
          0.9635368755391474,
          0.9660857425017525,
          0.9648256118523014,
          0.9722213164073215,
          0.9648202477930806,
          0.9659276225078615,
          0.9673196288688768,
          0.965987815504852,
          0.9744718357898531,
          1.427979646000854,
          0.971255495689617,
          0.9648059931995088,
          0.9647581833817198,
          0.0
        ]
      ]
    }
  },
  "nodes": {
    "2020ASP01832": {
      "country": "Germany",
      "country_confidence": {
        "Germany": 1.0
      },
      "country_entropy": -1.000088900581841e-12,
      "region": null
    },
    "2020ASP02103": {
      "country": "Germany",
      "country_confidence": {
        "Germany": 0.9999999999999999
      },
      "country_entropy": -9.99866855976916e-13,
      "region": null
    },
    "2020ASP02805": {
      "country": "Germany",
      "country_confidence": {
        "Germany": 1.0
      },
      "country_entropy": -1.000088900581841e-12,
      "region": null
    },
    "2020ASP02894": {
      "country": "Germany",
      "country_confidence": {
        "Germany": 1.0
      },
      "country_entropy": -1.000088900581841e-12,
      "region": null
    },
    "2021ASP00484": {
      "country": "Germany",
      "country_confidence": {
        "Germany": 1.0
      },
      "country_entropy": -1.000088900581841e-12,
      "region": null
    },
    "2021ASP00703": {
      "country": "Germany",
      "country_confidence": {
        "Germany": 1.0
      },
      "country_entropy": -1.000088900581841e-12,
      "region": null
    },
    "2021ASP00902": {
      "country": "Germany",
      "country_confidence": {
        "Germany": 1.0
      },
      "country_entropy": -1.000088900581841e-12,
      "region": null
    },
    "2021ASP00921": {
      "country": "Germany",
      "country_confidence": {
        "Germany": 1.0
      },
      "country_entropy": -1.000088900581841e-12,
      "region": null
    },
    "2021ASP01917": {
      "country": "Germany",
      "country_confidence": {
        "Germany": 1.0
      },
      "country_entropy": -1.000088900581841e-12,
      "region": null
    },
    "2021ASP01919": {
      "country": "Germany",
      "country_confidence": {
        "Germany": 1.0
      },
      "country_entropy": -1.000088900581841e-12,
      "region": null
    },
    "2021ASP01957": {
      "country": "Germany",
      "country_confidence": {
        "Germany": 0.9999999999999999
      },
      "country_entropy": -9.99866855976916e-13,
      "region": null
    },
    "2021ASP02148": {
      "country": "Germany",
      "country_confidence": {
        "Germany": 0.9999999999999999
      },
      "country_entropy": -9.99866855976916e-13,
      "region": null
    },
    "2021ASP02207": {
      "country": "Germany",
      "country_confidence": {
        "Germany": 0.9999999999999999
      },
      "country_entropy": -9.99866855976916e-13,
      "region": null
    },
    "2021ASP02665": {
      "country": "Germany",
      "country_confidence": {
        "Germany": 1.0
      },
      "country_entropy": -1.000088900581841e-12,
      "region": null
    },
    "2021ASP03144": {
      "country": "Germany",
      "country_confidence": {
        "Germany": 1.0
      },
      "country_entropy": -1.000088900581841e-12,
      "region": null
    },
    "2021ASP03251": {
      "country": "Germany",
      "country_confidence": {
        "Germany": 1.0
      },
      "country_entropy": -1.000088900581841e-12,
      "region": null
    },
    "2021ASP03380": {
      "country": "Germany",
      "country_confidence": {
        "Germany": 1.0
      },
      "country_entropy": -1.000088900581841e-12,
      "region": null
    },
    "2021ASP03384": {
      "country": "Germany",
      "country_confidence": {
        "Germany": 0.9999999999999999
      },
      "country_entropy": -9.99866855976916e-13,
      "region": null
    },
    "2021ASP03643": {
      "country": "Germany",
      "country_confidence": {
        "Germany": 1.0
      },
      "country_entropy": -1.000088900581841e-12,
      "region": null
    },
    "2021ASP03658": {
      "country": "Germany",
      "country_confidence": {
        "Germany": 0.9999999999999999
      },
      "country_entropy": -9.99866855976916e-13,
      "region": null
    },
    "2021ASP03711": {
      "country": "Germany",
      "country_confidence": {
        "Germany": 1.0
      },
      "country_entropy": -1.000088900581841e-12,
      "region": null
    },
    "2021ASP03740": {
      "country": "Germany",
      "country_confidence": {
        "Germany": 1.0
      },
      "country_entropy": -1.000088900581841e-12,
      "region": null
    },
    "20355/RM/2022_Italy": {
      "country": "Italy",
      "country_confidence": {
        "Italy": 1.0
      },
      "country_entropy": -1.000088900581841e-12,
      "region": null
    },
    "47169.16_1499/GE/2022_Ita": {
      "country": "Italy",
      "country_confidence": {
        "Italy": 1.0
      },
      "country_entropy": -1.000088900581841e-12,
      "region": null
    },
    "7540/22": {
      "country": "Serbia",
      "country_confidence": {
        "Serbia": 1.0
      },
      "country_entropy": -1.000088900581841e-12,
      "region": null
    },
    "ABTCVSCK_ASF001": {
      "country": "India",
      "country_confidence": {
        "India": 1.0
      },
      "country_entropy": -1.000088900581841e-12,
      "region": null
    },
    "ABTCVSCK_ASF007": {
      "country": "India",
      "country_confidence": {
        "India": 1.0
      },
      "country_entropy": -1.000088900581841e-12,
      "region": null
    },
    "ASFV-SY18": {
      "country": "China",
      "country_confidence": {
        "China": 1.0
      },
      "country_entropy": -1.000088900581841e-12,
      "region": null
    },
    "ASFV-wbBS01": {
      "country": "China",
      "country_confidence": {
        "China": 1.0
      },
      "country_entropy": -1.000088900581841e-12,
      "region": null
    },
    "ASFV-wbShX01": {
      "country": "China",
      "country_confidence": {
        "China": 1.0
      },
      "country_entropy": -1.000088900581841e-12,
      "region": null
    },
    "ASFV/Kaliningrad_17/WB-13869": {
      "country": "Russia",
      "country_confidence": {
        "Russia": 1.0
      },
      "country_entropy": -1.000088900581841e-12,
      "region": null
    },
    "ASFV/Kaliningrad_18/WB-12516": {
      "country": "Russia",
      "country_confidence": {
        "Russia": 1.0
      },
      "country_entropy": -1.000088900581841e-12,
      "region": null
    },
    "ASFV/Kaliningrad_18/WB-12523": {
      "country": "Russia",
      "country_confidence": {
        "Russia": 1.0
      },
      "country_entropy": -1.000088900581841e-12,
      "region": null
    },
    "ASFV/Kaliningrad_18/WB-12524": {
      "country": "Russia",
      "country_confidence": {
        "Russia": 1.0
      },
      "country_entropy": -1.000088900581841e-12,
      "region": null
    },
    "ASFV/Kaliningrad_18/WB-9734": {
      "country": "Russia",
      "country_confidence": {
        "Russia": 1.0
      },
      "country_entropy": -1.000088900581841e-12,
      "region": null
    },
    "ASFV/Kaliningrad_18/WB-9735": {
      "country": "Russia",
      "country_confidence": {
        "Russia": 1.0
      },
      "country_entropy": -1.000088900581841e-12,
      "region": null
    },
    "ASFV/Kaliningrad_18/WB-9763": {
      "country": "Russia",
      "country_confidence": {
        "Russia": 1.0
      },
      "country_entropy": -1.000088900581841e-12,
      "region": null
    },
    "ASFV/Kaliningrad_18/WB-9766": {
      "country": "Russia",
      "country_confidence": {
        "Russia": 1.0
      },
      "country_entropy": -1.000088900581841e-12,
      "region": null
    },
    "ASFV/Kaliningrad_19/WB-10168": {
      "country": "Russia",
      "country_confidence": {
        "Russia": 0.9999999999999999
      },
      "country_entropy": -9.99866855976916e-13,
      "region": null
    },
    "ASFV/Primorsky_19/DP-8235": {
      "country": "Russia",
      "country_confidence": {
        "Russia": 1.0
      },
      "country_entropy": -1.000088900581841e-12,
      "region": null
    },
    "ASFV/Timor-Leste/2019/1": {
      "country": "Timor-Leste",
      "country_confidence": {
        "Timor-Leste": 1.0
      },
      "country_entropy": -1.000088900581841e-12,
      "region": null
    },
    "CN/2019/InnerMongolia-AES01": {
      "country": "China",
      "country_confidence": {
        "China": 1.0
      },
      "country_entropy": -1.000088900581841e-12,
      "region": null
    },
    "China/2018/AnhuiXCGQ": {
      "country": "China",
      "country_confidence": {
        "China": 1.0
      },
      "country_entropy": -1.000088900581841e-12,
      "region": null
    },
    "China/LN/2018/2": {
      "country": "China",
      "country_confidence": {
        "China": 1.0
      },
      "country_entropy": -1.000088900581841e-12,
      "region": null
    },
    "DB/LN/2018": {
      "country": "China",
      "country_confidence": {
        "China": 0.9999999999999999
      },
      "country_entropy": -9.99866855976916e-13,
      "region": null
    },
    "DG_6314_19": {
      "country": "Serbia",
      "country_confidence": {
        "Serbia": 1.0
      },
      "country_entropy": -1.000088900581841e-12,
      "region": null
    },
    "DG_6511_21_": {
      "country": "Serbia",
      "country_confidence": {
        "Serbia": 1.0
      },
      "country_entropy": -1.000088900581841e-12,
      "region": null
    },
    "DG_6759_19": {
      "country": "Serbia",
      "country_confidence": {
        "Serbia": 1.0
      },
      "country_entropy": -1.000088900581841e-12,
      "region": null
    },
    "GZ201801_2": {
      "country": "China",
      "country_confidence": {
        "China": 1.0
      },
      "country_entropy": -1.000088900581841e-12,
      "region": null
    },
    "HB31A": {
      "country": "China",
      "country_confidence": {
        "China": 1.0
      },
      "country_entropy": -1.000088900581841e-12,
      "region": null
    },
    "IND/AR/SD-61/2020": {
      "country": "India",
      "country_confidence": {
        "India": 1.0
      },
      "country_entropy": -1.000088900581841e-12,
      "region": null
    },
    "IND/AS/SD-02/2020": {
      "country": "India",
      "country_confidence": {
        "India": 1.0
      },
      "country_entropy": -1.000088900581841e-12,
      "region": null
    },
    "KE/2012/Busia.564": {
      "country": "Kenya",
      "country_confidence": {
        "Kenya": 1.0
      },
      "country_entropy": -1.000088900581841e-12,
      "region": null
    },
    "KE/2013/Busia.3.WSL": {
      "country": "Kenya",
      "country_confidence": {
        "Kenya": 1.0
      },
      "country_entropy": -1.000088900581841e-12,
      "region": null
    },
    "KE/2013/Busia.3.field": {
      "country": "Kenya",
      "country_confidence": {
        "Kenya": 1.0
      },
      "country_entropy": -1.000088900581841e-12,
      "region": null
    },
    "KE/2013/Busia.8": {
      "country": "Kenya",
      "country_confidence": {
        "Kenya": 1.0
      },
      "country_entropy": -1.000088900581841e-12,
      "region": null
    },
    "KE/2013/Karen.1": {
      "country": "Kenya",
      "country_confidence": {
        "Kenya": 1.0
      },
      "country_entropy": -1.000088900581841e-12,
      "region": null
    },
    "KE/2013/Kiambu.2": {
      "country": "Kenya",
      "country_confidence": {
        "Kenya": 1.0
      },
      "country_entropy": -1.000088900581841e-12,
      "region": null
    },
    "KE/2013/Nakuru.1": {
      "country": "Kenya",
      "country_confidence": {
        "Kenya": 1.0
      },
      "country_entropy": -1.000088900581841e-12,
      "region": null
    },
    "KE/2013/Siaya.4": {
      "country": "Kenya",
      "country_confidence": {
        "Kenya": 1.0
      },
      "country_entropy": -1.000088900581841e-12,
      "region": null
    },
    "Korea/CW714/2020": {
      "country": "South Korea",
      "country_confidence": {
        "South Korea": 0.9999999999999999
      },
      "country_entropy": -9.99866855976916e-13,
      "region": null
    },
    "Korea/PC1432/2021": {
      "country": "South Korea",
      "country_confidence": {
        "South Korea": 0.9999999999999999
      },
      "country_entropy": -9.99866855976916e-13,
      "region": null
    },
    "Korea/YC1/2019": {
      "country": "South Korea",
      "country_confidence": {
        "South Korea": 1.0
      },
      "country_entropy": -1.000088900581841e-12,
      "region": null
    },
    "Mon_Dom": {
      "country": "Mongolia",
      "country_confidence": {
        "Mongolia": 1.0
      },
      "country_entropy": -1.000088900581841e-12,
      "region": null
    },
    "NODE_0000000": {
      "country": "South Africa",
      "country_confidence": {
        "Kenya": 0.06786988859504159,
        "Poland": 0.06616288543007814,
        "Russia": 0.06606835644870265,
        "South Africa": 0.06925797382921432
      },
      "country_entropy": 2.7712405566519607,
      "region": null
    },
    "NODE_0000001": {
      "country": "France",
      "country_confidence": {
        "France": 0.9942987025794201,
        "Italy": 0.0033647084592787133,
        "Russia": 0.001487959269441146
      },
      "country_entropy": 0.04187848016837277,
      "region": null
    },
    "NODE_0000003": {
      "country": "Russia",
      "country_confidence": {
        "France": 0.040992842787689186,
        "Italy": 0.04099284278769009,
        "Poland": 0.2657737840737992,
        "Russia": 0.643974583445865
      },
      "country_entropy": 0.956212274612104,
      "region": null
    },
    "NODE_0000012": {
      "country": "Serbia",
      "country_confidence": {
        "China": 0.3962101416692726,
        "Russia": 0.0810815444553155,
        "Serbia": 0.4045841598586403,
        "South Africa": 0.07007941622574707
      },
      "country_entropy": 1.3409365612335902,
      "region": null
    },
    "NODE_0000015": {
      "country": "Poland",
      "country_confidence": {
        "Germany": 0.06676641392189511,
        "Poland": 0.8122444633352096,
        "Russia": 0.11652179153402477
      },
      "country_entropy": 0.6352370962165946,
      "region": null
    },
    "NODE_0000016": {
      "country": "Germany",
      "country_confidence": {
        "Germany": 0.9999954955462428
      },
      "country_entropy": 7.165515241432406e-05,
      "region": null
    },
    "NODE_0000017": {
      "country": "Germany",
      "country_confidence": {
        "Germany": 0.9999954956253395
      },
      "country_entropy": 7.165403558165632e-05,
      "region": null
    },
    "NODE_0000018": {
      "country": "China",
      "country_confidence": {
        "China": 0.9999298718311374
      },
      "country_entropy": 0.000845183920295629,
      "region": null
    },
    "NODE_0000019": {
      "country": "China",
      "country_confidence": {
        "China": 0.9999913983584652
      },
      "country_entropy": 0.0001308519051817533,
      "region": null
    },
    "NODE_0000021": {
      "country": "China",
      "country_confidence": {
        "China": 0.9999920772534733
      },
      "country_entropy": 0.0001214458782512726,
      "region": null
    },
    "NODE_0000022": {
      "country": "China",
      "country_confidence": {
        "China": 0.9999889715549465
      },
      "country_entropy": 0.00016324620387921237,
      "region": null
    },
    "NODE_0000023": {
      "country": "China",
      "country_confidence": {
        "China": 0.9996811571909436
      },
      "country_entropy": 0.0032238541625677825,
      "region": null
    },
    "NODE_0000024": {
      "country": "China",
      "country_confidence": {
        "China": 0.9693879208925574,
        "Mongolia": 0.022773344260900153,
        "Timor-Leste": 0.006553610427533533
      },
      "country_entropy": 0.1610234795405442,
      "region": null
    },
    "NODE_0000025": {
      "country": "Germany",
      "country_confidence": {
        "Germany": 0.9999954879843719
      },
      "country_entropy": 7.176151694504934e-05,
      "region": null
    },
    "NODE_0000026": {
      "country": "China",
      "country_confidence": {
        "China": 0.9693894143206893,
        "Mongolia": 0.0065558646799674086,
        "Timor-Leste": 0.022769446816648622
      },
      "country_entropy": 0.16102149488227785,
      "region": null
    },
    "NODE_0000027": {
      "country": "China",
      "country_confidence": {
        "China": 0.9996811973771016
      },
      "country_entropy": 0.0032235646191473904,
      "region": null
    },
    "NODE_0000028": {
      "country": "Germany",
      "country_confidence": {
        "Germany": 0.9999954958932582
      },
      "country_entropy": 7.165008724613135e-05,
      "region": null
    },
    "NODE_0000029": {
      "country": "China",
      "country_confidence": {
        "China": 0.9999889720639749
      },
      "country_entropy": 0.00016324054244871744,
      "region": null
    },
    "NODE_0000030": {
      "country": "China",
      "country_confidence": {
        "China": 0.9999920640979952
      },
      "country_entropy": 0.00012163372302221932,
      "region": null
    },
    "NODE_0000031": {
      "country": "China",
      "country_confidence": {
        "China": 0.9999900048042274
      },
      "country_entropy": 0.00015020665864009814,
      "region": null
    },
    "NODE_0000032": {
      "country": "China",
      "country_confidence": {
        "China": 0.9997744668024631
      },
      "country_entropy": 0.0024822224685354093,
      "region": null
    },
    "NODE_0000034": {
      "country": "China",
      "country_confidence": {
        "China": 0.9778045211000141,
        "India": 0.006479679378247258,
        "South Korea": 0.007269328437796733,
        "Viet Nam": 0.007271898812227896
      },
      "country_entropy": 0.1369922689857657,
      "region": null
    },
    "NODE_0000038": {
      "country": "Russia",
      "country_confidence": {
        "Poland": 0.006342430039233771,
        "Russia": 0.9929195468061907
      },
      "country_entropy": 0.045762455170556215,
      "region": null
    },
    "NODE_0000039": {
      "country": "Viet Nam",
      "country_confidence": {
        "China": 0.30545783117504666,
        "India": 0.003099535996461581,
        "South Korea": 0.3382022175670798,
        "Viet Nam": 0.33828781530431534
      },
      "country_entropy": 1.21324232778509,
      "region": null
    },
    "NODE_0000041": {
      "country": "South Korea",
      "country_confidence": {
        "South Korea": 0.9999951411499893
      },
      "country_entropy": 7.664792546812739e-05,
      "region": null
    },
    "NODE_0000042": {
      "country": "Russia",
      "country_confidence": {
        "Russia": 0.9993225234968658
      },
      "country_entropy": 0.005722602438106309,
      "region": null
    },
    "NODE_0000043": {
      "country": "Russia",
      "country_confidence": {
        "Poland": 0.02298214479037242,
        "Russia": 0.9767716213876929
      },
      "country_entropy": 0.1123507601554384,
      "region": null
    },
    "NODE_0000044": {
      "country": "Russia",
      "country_confidence": {
        "Russia": 0.9994618847608768
      },
      "country_entropy": 0.0046858465374812015,
      "region": null
    },
    "NODE_0000045": {
      "country": "Russia",
      "country_confidence": {
        "Russia": 0.9999708366958903
      },
      "country_entropy": 0.00036417824840464657,
      "region": null
    },
    "NODE_0000046": {
      "country": "Russia",
      "country_confidence": {
        "Russia": 0.9999825338089751
      },
      "country_entropy": 0.00023489129910476568,
      "region": null
    },
    "NODE_0000047": {
      "country": "Poland",
      "country_confidence": {
        "Poland": 0.9999997568389223
      },
      "country_entropy": 3.947599126550322e-06,
      "region": null
    },
    "NODE_0000048": {
      "country": "Russia",
      "country_confidence": {
        "Russia": 0.9996812952109358
      },
      "country_entropy": 0.002978244012920128,
      "region": null
    },
    "NODE_0000049": {
      "country": "Russia",
      "country_confidence": {
        "Russia": 0.9999757990362835
      },
      "country_entropy": 0.0003104702573890738,
      "region": null
    },
    "NODE_0000050": {
      "country": "Russia",
      "country_confidence": {
        "Russia": 0.9999826428302475
      },
      "country_entropy": 0.0002336472655868356,
      "region": null
    },
    "NODE_0000051": {
      "country": "Poland",
      "country_confidence": {
        "Poland": 0.9999997049656981
      },
      "country_entropy": 4.9529292574185395e-06,
      "region": null
    },
    "NODE_0000054": {
      "country": "Poland",
      "country_confidence": {
        "Poland": 0.999983582838951
      },
      "country_entropy": 0.00022118754680581007,
      "region": null
    },
    "NODE_0000055": {
      "country": "Russia",
      "country_confidence": {
        "Poland": 0.2759108130399293,
        "Russia": 0.6528009557058025,
        "Serbia": 0.017764788265791046,
        "South Africa": 0.029801944284859567
      },
      "country_entropy": 0.9289447759523353,
      "region": null
    },
    "NODE_0000058": {
      "country": "China",
      "country_confidence": {
        "China": 0.9938818186782067,
        "Serbia": 0.004202565982582445
      },
      "country_entropy": 0.04459610299016834,
      "region": null
    },
    "NODE_0000059": {
      "country": "Poland",
      "country_confidence": {
        "Germany": 0.0010643100636622213,
        "Poland": 0.6706720833272,
        "Russia": 0.3253036761410489
      },
      "country_entropy": 0.6634511954304847,
      "region": null
    },
    "NODE_0000060": {
      "country": "Poland",
      "country_confidence": {
        "Germany": 0.00486799414346957,
        "Italy": 0.0016073699247330859,
        "Poland": 0.6595441777078371,
        "Russia": 0.33118108599066903
      },
      "country_entropy": 0.6976014472855141,
      "region": null
    },
    "NODE_0000062": {
      "country": "Italy",
      "country_confidence": {
        "France": 0.3613855569132626,
        "Italy": 0.361385556913273,
        "Poland": 0.07283254322780477,
        "Russia": 0.18852303928837424
      },
      "country_entropy": 1.3459463199710866,
      "region": null
    },
    "NODE_0000064": {
      "country": "Italy",
      "country_confidence": {
        "France": 0.003364708459278528,
        "Italy": 0.9942987025794204,
        "Russia": 0.0014879592694411754
      },
      "country_entropy": 0.04187848016837159,
      "region": null
    },
    "NODE_0000065": {
      "country": "China",
      "country_confidence": {
        "China": 0.9999921826287306
      },
      "country_entropy": 0.00011994846482385678,
      "region": null
    },
    "NODE_0000066": {
      "country": "Germany",
      "country_confidence": {
        "Germany": 0.9910819043365771,
        "Poland": 0.007650310802052515
      },
      "country_entropy": 0.056329251086808016,
      "region": null
    },
    "NODE_0000067": {
      "country": "Germany",
      "country_confidence": {
        "Germany": 0.9999108294055211
      },
      "country_entropy": 0.0009966192790873117,
      "region": null
    },
    "NODE_0000068": {
      "country": "Germany",
      "country_confidence": {
        "Germany": 0.999994652313005
      },
      "country_entropy": 8.332189903501288e-05,
      "region": null
    },
    "NODE_0000070": {
      "country": "Germany",
      "country_confidence": {
        "Germany": 0.9999954958170056
      },
      "country_entropy": 7.16511628534094e-05,
      "region": null
    },
    "NODE_0000071": {
      "country": "China",
      "country_confidence": {
        "China": 0.9999900990226253
      },
      "country_entropy": 0.0001488901544327596,
      "region": null
    },
    "NODE_0000072": {
      "country": "Germany",
      "country_confidence": {
        "Germany": 0.9999954958904695
      },
      "country_entropy": 7.1650127707668e-05,
      "region": null
    },
    "NODE_0000074": {
      "country": "Germany",
      "country_confidence": {
        "Germany": 0.9999954961569522
      },
      "country_entropy": 7.164620075982529e-05,
      "region": null
    },
    "NODE_0000075": {
      "country": "Germany",
      "country_confidence": {
        "Germany": 0.9999955300942074
      },
      "country_entropy": 7.114288154957596e-05,
      "region": null
    },
    "NODE_0000076": {
      "country": "South Korea",
      "country_confidence": {
        "South Korea": 0.9999477555591963
      },
      "country_entropy": 0.0006169950523496942,
      "region": null
    },
    "NODE_0000077": {
      "country": "Germany",
      "country_confidence": {
        "Germany": 0.9999954534413934
      },
      "country_entropy": 7.227336684596122e-05,
      "region": null
    },
    "NODE_0000078": {
      "country": "Germany",
      "country_confidence": {
        "Germany": 0.9999954955504943
      },
      "country_entropy": 7.16550901494924e-05,
      "region": null
    },
    "NODE_0000079": {
      "country": "South Korea",
      "country_confidence": {
        "South Korea": 0.9999951040531724
      },
      "country_entropy": 7.719248057992326e-05,
      "region": null
    },
    "NODE_0000080": {
      "country": "South Korea",
      "country_confidence": {
        "South Korea": 0.9999955711447516
      },
      "country_entropy": 7.058481336460074e-05,
      "region": null
    },
    "NODE_0000081": {
      "country": "Germany",
      "country_confidence": {
        "Germany": 0.999995496154116
      },
      "country_entropy": 7.164624190709606e-05,
      "region": null
    },
    "NODE_0000082": {
      "country": "Germany",
      "country_confidence": {
        "Germany": 0.9999955300941837
      },
      "country_entropy": 7.114288189316455e-05,
      "region": null
    },
    "NODE_0000084": {
      "country": "Germany",
      "country_confidence": {
        "Germany": 0.9999954956203861
      },
      "country_entropy": 7.165410773769893e-05,
      "region": null
    },
    "NODE_0000085": {
      "country": "Germany",
      "country_confidence": {
        "Germany": 0.9999954614222742
      },
      "country_entropy": 7.216100282563041e-05,
      "region": null
    },
    "NODE_0000086": {
      "country": "Germany",
      "country_confidence": {
        "Germany": 0.9999954958890273
      },
      "country_entropy": 7.165014920387723e-05,
      "region": null
    },
    "NODE_0000087": {
      "country": "Germany",
      "country_confidence": {
        "Germany": 0.9999955300920904
      },
      "country_entropy": 7.114291257346922e-05,
      "region": null
    },
    "NODE_0000088": {
      "country": "China",
      "country_confidence": {
        "China": 0.9743910700322107,
        "India": 0.020410529303438205,
        "South Korea": 0.002076426854934819,
        "Viet Nam": 0.0020764979919361843
      },
      "country_entropy": 0.14008801794582648,
      "region": null
    },
    "NODE_0000089": {
      "country": "India",
      "country_confidence": {
        "China": 0.008571436908793998,
        "India": 0.990983059975964
      },
      "country_entropy": 0.05437217986878023,
      "region": null
    },
    "NODE_0000090": {
      "country": "India",
      "country_confidence": {
        "India": 0.9999141580848994
      },
      "country_entropy": 0.0009451857261625373,
      "region": null
    },
    "NODE_0000091": {
      "country": "India",
      "country_confidence": {
        "India": 0.999995348382291
      },
      "country_entropy": 7.316536875087255e-05,
      "region": null
    },
    "NODE_0000092": {
      "country": "Russia",
      "country_confidence": {
        "China": 0.15456028298945837,
        "Russia": 0.29704698851549793,
        "Serbia": 0.1600660559778152,
        "South Africa": 0.24675526448181004
      },
      "country_entropy": 1.6874326861043059,
      "region": null
    },
    "NODE_0000093": {
      "country": "Serbia",
      "country_confidence": {
        "China": 0.003833616356490227,
        "Serbia": 0.9944443771631133
      },
      "country_entropy": 0.04080675291526624,
      "region": null
    },
    "NODE_0000094": {
      "country": "Serbia",
      "country_confidence": {
        "Serbia": 0.9999432807039328
      },
      "country_entropy": 0.0006868949082864305,
      "region": null
    },
    "NODE_0000095": {
      "country": "Serbia",
      "country_confidence": {
        "Serbia": 0.9999947253141102
      },
      "country_entropy": 8.25829829789018e-05,
      "region": null
    },
    "NODE_0000096": {
      "country": "Germany",
      "country_confidence": {
        "Germany": 0.9999954961548181
      },
      "country_entropy": 7.164623201487194e-05,
      "region": null
    },
    "NODE_0000097": {
      "country": "Germany",
      "country_confidence": {
        "Germany": 0.9999955300941901
      },
      "country_entropy": 7.114288180132714e-05,
      "region": null
    },
    "NODE_0000098": {
      "country": "South Africa",
      "country_confidence": {
        "China": 0.07568433597121246,
        "Russia": 0.14427885951679328,
        "Serbia": 0.07912024289664633,
        "South Africa": 0.6089436108116381
      },
      "country_entropy": 1.3355774994352176,
      "region": null
    },
    "NODE_0000125": {
      "country": "Kenya",
      "country_confidence": {
        "Kenya": 0.5339896223956617,
        "South Africa": 0.0025831471544343044,
        "Tanzania": 0.4382858659369927,
        "Uganda": 0.0026699395470026763
      },
      "country_entropy": 0.8688628339545872,
      "region": null
    },
    "NODE_0000126": {
      "country": "Kenya",
      "country_confidence": {
        "Kenya": 0.9942693304276297,
        "Tanzania": 0.005310735343749885
      },
      "country_entropy": 0.03784582074749858,
      "region": null
    },
    "NODE_0000127": {
      "country": "Kenya",
      "country_confidence": {
        "Kenya": 0.9999274511939923
      },
      "country_entropy": 0.0008157373666380638,
      "region": null
    },
    "NODE_0000128": {
      "country": "Kenya",
      "country_confidence": {
        "Kenya": 0.9996686439159765
      },
      "country_entropy": 0.0033261111063867007,
      "region": null
    },
    "NODE_0000129": {
      "country": "Kenya",
      "country_confidence": {
        "Kenya": 0.9899108143175163,
        "Uganda": 0.009588865702610354
      },
      "country_entropy": 0.059634435964405264,
      "region": null
    },
    "NODE_0000130": {
      "country": "Kenya",
      "country_confidence": {
        "Kenya": 0.9999905176942195
      },
      "country_entropy": 0.00013916974434153827,
      "region": null
    },
    "NODE_0000131": {
      "country": "Kenya",
      "country_confidence": {
        "Kenya": 0.9999939115795414
      },
      "country_entropy": 9.415358931488054e-05,
      "region": null
    },
    "NODE_0000132": {
      "country": "Kenya",
      "country_confidence": {
        "Kenya": 0.9999940550524568
      },
      "country_entropy": 9.212251358120885e-05,
      "region": null
    },
    "NODE_0000133": {
      "country": "Kenya",
      "country_confidence": {
        "Kenya": 0.9999940550524568
      },
      "country_entropy": 9.212251358120885e-05,
      "region": null
    },
    "PPA989_10a": {
      "country": "France",
      "country_confidence": {
        "France": 1.0
